timestamp_start,timestamp_end,time,throughput_download,rtt_download,throughput_upload,rtt_upload,throughput_download_std,rtt_download_std,throughput_upload_std,rtt_upload_std,event,cluster,probability_cluster_0,probability_cluster_1,client,site
2024-05-01 03:06:15,2024-06-02 06:00:26,32.12096064814815,519.0047192982456,9.601447368421054,268.52964999999995,13.897298245614035,5.387550755726486,0.4313820243846599,0.8732841989325512,0.7864902342885572,0,1,0.272384030554929,0.727615969445071,client01,gru03
2024-06-02 06:00:26,2024-07-09 15:38:40,37.401550925925925,519.0047192982456,9.601447368421054,268.69235000000003,13.897298245614035,5.387550755726486,0.4313820243846599,0.557301418491496,0.7864902342885572,0,1,0.27262635701550375,0.7273736429844962,client01,gru03
2024-07-09 15:38:40,2024-07-23 13:08:11,13.895497685185186,519.0047192982456,9.601447368421054,268.69235000000003,13.897298245614035,5.387550755726486,0.4313820243846599,0.557301418491496,0.7864902342885572,0,1,0.27262635701550375,0.7273736429844962,client01,gru03
2024-05-01 00:37:17,2024-05-07 22:59:04,6.931793981481482,518.0364000000001,7.383750000000001,250.56615939787486,10.1281,8.73990411485401,4.055100555246183,29.010253676904394,2.443375101004863,0,0,0.7701949265399222,0.22980507346007786,client01,rnp_rj
2024-05-07 22:59:04,2024-05-12 09:33:04,4.440277777777778,518.0364000000001,18.549249999999997,250.56615939787486,21.1652,8.73990411485401,3.4778782986939487,29.010253676904394,3.366957874152243,1,0,0.7444889713724664,0.2555110286275336,client01,rnp_rj
2024-05-12 09:33:04,2024-05-15 00:04:30,2.605162037037037,518.0364000000001,21.5041,250.56615939787486,22.3497,8.73990411485401,22.290768199791643,29.010253676904394,9.92495222366865,1,0,0.9204938338380092,0.07950616616199079,client01,rnp_rj
2024-05-15 00:04:30,2024-06-01 14:30:27,17.601354166666667,518.0364000000001,21.5041,250.56615939787486,9.769950000000001,8.73990411485401,22.290768199791643,29.010253676904394,1.1740980177409202,1,0,0.9113957644189119,0.08860423558108815,client01,rnp_rj
2024-06-01 14:30:27,2024-06-02 16:27:12,1.0810763888888888,522.2264000000001,7.367399999999999,250.56615939787486,10.54955,3.4598991679861926,2.5813790357705684,29.010253676904394,2.438300065187781,0,0,0.7477441681731094,0.25225583182689054,client01,rnp_rj
2024-06-02 16:27:12,2024-07-09 16:28:26,37.000856481481485,511.8763500000001,7.367399999999999,250.56615939787486,10.54955,29.52709117916343,2.5813790357705684,29.010253676904394,2.438300065187781,0,1,0.7531584140767336,0.2468415859232664,client01,rnp_rj
2024-07-09 16:28:26,2024-07-11 19:18:16,2.117939814814815,511.8763500000001,7.367399999999999,250.56615939787486,10.54955,29.52709117916343,2.5813790357705684,29.010253676904394,2.438300065187781,0,0,0.7531584140767336,0.2468415859232664,client01,rnp_rj
2024-07-11 19:18:16,2024-07-14 19:20:31,3.0015625,511.8763500000001,7.97495,250.56615939787486,11.81775,29.52709117916343,5.559113981609507,29.010253676904394,4.358009720466925,1,0,0.7938371399936809,0.20616286000631912,client01,rnp_rj
2024-07-14 19:20:31,2024-07-15 15:38:26,0.8457754629629629,495.29184999999995,15.489549999999998,250.56615939787486,18.16545,72.1431225720789,5.795808880244049,29.010253676904394,4.883518893875819,1,0,0.7938332212635627,0.20616677873643732,client01,rnp_rj
2024-07-15 15:38:26,2024-07-18 02:38:17,2.4582291666666665,495.29184999999995,5.27085,250.56615939787486,9.4327,72.1431225720789,0.25957298436186754,29.010253676904394,0.660457504908131,1,0,0.7252009971285429,0.27479900287145703,client01,rnp_rj
2024-07-18 02:38:17,2024-07-18 12:48:20,0.42364583333333333,495.29184999999995,5.27085,250.56615939787486,14.97785,72.1431225720789,0.25957298436186754,29.010253676904394,5.154848144937775,1,0,0.7393475700593102,0.2606524299406898,client01,rnp_rj
2024-07-18 12:48:20,2024-07-23 14:48:29,5.0834375,495.29184999999995,5.5272499999999996,250.56615939787486,8.89585,72.1431225720789,0.6173103693485661,29.010253676904394,0.7898037247849687,0,0,0.7318166699855004,0.2681833300144995,client01,rnp_rj
2024-05-01 00:11:26,2024-06-02 17:54:11,32.73802083333333,516.6064000000001,12.4317,264.14349999999996,15.471580188679248,4.482679924471875,2.5279727284505014,7.980905577821681,1.7645432610929441,0,1,0.3327974414436664,0.6672025585563336,client01,rnp_sp
2024-06-02 17:54:11,2024-07-09 16:02:25,36.92238425925926,517.3081999999999,12.045549999999999,267.24510000000004,15.471580188679248,6.315382053701147,2.340958001714143,2.329366186665144,1.7645432610929441,0,1,0.33248375191780355,0.6675162480821965,client01,rnp_sp
2024-07-09 16:02:25,2024-07-23 14:16:07,13.926180555555556,517.3081999999999,12.045549999999999,267.24510000000004,15.471580188679248,6.315382053701147,2.340958001714143,2.329366186665144,1.7645432610929441,0,1,0.33248375191780355,0.6675162480821965,client01,rnp_sp
2024-05-01 01:46:33,2024-07-23 12:29:04,83.44619212962964,584.5346139896374,11.83245077720207,296.78717357512954,13.018085492227979,13.928936878114751,1.191241497498736,2.8601579764608975,1.1798076600658332,0,1,0.24904839280162794,0.7509516071983721,client02,gru03
2024-05-02 14:19:08,2024-07-15 11:50:13,73.89658564814815,583.24615,12.492380368098159,296.5410858895705,12.694907975460126,3.2170515967755047,8.269356960839522,0.7688353979368117,0.7973505650452472,0,1,0.2527027243505797,0.7472972756494203,client02,gru05
2024-05-02 17:03:26,2024-07-23 12:04:33,81.79244212962963,582.265384180791,11.785118644067795,296.57622033898303,12.627497175141244,10.914137608009467,0.7211420177102718,0.6912364021627361,0.6723260600020529,0,1,0.14853122110011463,0.8514687788998854,client02,gru06
2024-05-01 00:19:13,2024-05-08 20:50:17,7.854907407407407,588.54585,16.7976,299.92475,17.985449999999997,16.34249132999777,0.4507597562945665,0.6304629773344973,0.5614665453782154,0,0,0.6664345224110714,0.3335654775889286,client02,rnp_rj
2024-05-08 20:50:17,2024-05-22 17:04:28,13.84318287037037,587.70155,16.7976,299.92475,17.499450000000003,4.9588089133857185,0.4507597562945665,0.6304629773344973,0.4241837331554384,1,0,0.674527577521942,0.32547242247805797,client02,rnp_rj
2024-05-22 17:04:28,2024-06-02 09:05:09,10.667141203703704,591.2351,16.7976,299.92475,19.026899999999998,3.4416327199379313,0.4507597562945665,0.6304629773344973,4.334371974176456,1,0,0.691045377291408,0.30895462270859203,client02,rnp_rj
2024-06-02 09:05:09,2024-06-04 14:41:24,2.2335069444444446,554.0859,16.7976,299.92475,25.381899999999998,78.37092082351919,0.4507597562945665,0.6304629773344973,17.153997990034426,1,0,0.782031682879231,0.21796831712076906,client02,rnp_rj
2024-06-04 14:41:24,2024-06-15 03:29:03,10.533090277777777,554.0859,16.4011,299.2534,17.540999999999997,78.37092082351919,0.4876341272975708,1.5187469350196448,0.4622869922006191,1,0,0.7005390592954039,0.299460940704596,client02,rnp_rj
2024-06-15 03:29:03,2024-07-23 12:53:23,38.39189814814815,590.5155000000002,16.4011,299.2534,19.675099999999997,1.6440805941315608,0.4876341272975708,1.5187469350196448,4.89416708574175,0,1,0.6952316582883027,0.3047683417116973,client02,rnp_rj
2024-05-01 06:40:22,2024-05-06 22:32:04,5.660902777777777,593.4381000000001,9.75345,301.0026902887139,10.92585,12.486033211468518,0.6503595341687631,0.8558842880117372,0.406463473467368,0,1,0.2550321466393668,0.7449678533606332,client02,rnp_sp
2024-05-06 22:32:04,2024-05-08 00:44:33,1.0920023148148148,589.86695,11.067549999999999,301.0026902887139,12.45745,25.9922652350656,3.7723154480336984,0.8558842880117372,3.700901561213088,1,0,0.3119997110589179,0.6880002889410821,client02,rnp_sp
2024-05-08 00:44:33,2024-07-23 13:20:32,76.52498842592593,589.86695,9.300050000000002,301.0026902887139,10.623050000000001,25.9922652350656,0.5238871388099982,0.8558842880117372,0.5119337410868303,0,1,0.2546564543515034,0.7453435456484966,client02,rnp_sp
2024-05-01 02:19:32,2024-07-10 22:14:18,70.82969907407407,82.0650635678392,236.63704999999996,66.15302673115578,249.019,5.729552147514454,4.531715551474263,16.506979465926037,7.986198476450681,0,1,0.4513539219790723,0.5486460780209277,client03,gru03
2024-07-10 22:14:18,2024-07-11 23:33:32,1.0550231481481482,82.0650635678392,263.04339999999996,66.15302673115578,276.348,5.729552147514454,67.5682003533428,16.506979465926037,60.256125647980916,1,0,0.9939189670191242,0.006081032980875764,client03,gru03
2024-07-11 23:33:32,2024-07-19 15:17:26,7.655486111111111,82.0650635678392,234.82975000000002,66.15302673115578,250.62664999999998,5.729552147514454,5.534827405429613,16.506979465926037,8.910643188285981,0,1,0.4691082675933126,0.5308917324066874,client03,gru03
2024-05-02 14:26:23,2024-07-14 00:58:29,72.43895833333333,671.3812747252747,28.071774725274725,122.83438560818679,123.75137912087914,19.013718528993728,1.252346513050571,28.939514884348945,37.911250994837864,0,1,0.018273490319573593,0.9817265096804264,client03,gru05
2024-05-03 02:32:20,2024-07-19 16:04:29,77.56399305555556,676.2545182926829,27.815689024390238,122.5573370609756,118.48260975609757,22.470048660184837,1.1964403880208099,30.591701611362087,41.4894155174756,0,1,0.01726047965847488,0.9827395203415251,client03,gru06
2024-05-01 00:19:05,2024-05-22 10:41:04,21.43193287037037,710.8812499999999,20.245923653715064,126.73813772718474,103.31924999999998,37.80469499647255,6.166407615424862,30.447481293666517,40.75613578846619,0,1,0.21086438982968014,0.7891356101703199,client03,rnp_rj
2024-05-22 10:41:04,2024-07-19 19:34:21,58.37033564814815,710.8812499999999,20.245923653715064,126.73813772718474,91.67654999999999,37.80469499647255,6.166407615424862,30.447481293666517,58.17058371220303,0,1,0.34824030030142694,0.6517596996985731,client03,rnp_rj
2024-05-01 01:27:30,2024-07-19 16:29:06,79.62611111111111,642.164342291372,28.002408769448376,122.8871758132956,116.68668033946251,51.53231680697627,1.9051698818862586,32.72867063803641,42.367469996488325,0,1,0.0500942731470051,0.9499057268529949,client03,rnp_sp
2024-05-23 08:15:10,2024-06-26 04:29:27,33.84325231481481,612.91585,8.553300000000002,253.22349999999997,8.7479,3.1979596336447114,0.19274911427197675,25.90949054019842,0.2561204280884494,0,1,0.269742419194163,0.730257580805837,client04,gru03
2024-06-26 04:29:27,2024-07-23 10:43:11,27.25953703703704,905.5549500000001,14.9589,499.9325,28.1227,5.214828850953486,1.3280706583929225,2.101489183763188,2.8111495700626032,0,1,0.011994623897921386,0.9880053761020786,client04,gru03
2024-05-23 04:53:09,2024-06-26 07:22:09,34.10347222222222,609.45305,8.86325,268.0734,9.014299999999999,4.129367116985615,0.13751856334021906,33.32893562404264,0.17539882373727908,0,1,0.1527586162186514,0.8472413837813486,client04,gru06
2024-06-26 07:22:09,2024-07-23 13:46:11,27.266689814814814,881.8483,15.097299999999999,499.533,26.883599999999994,64.12890415659943,1.5306953390706561,1.3372170236805494,3.6698820632133033,0,1,0.007216329074050454,0.9927836709259495,client04,gru06
2024-05-22 18:24:33,2024-05-30 00:25:15,7.250486111111111,622.26935,9.615549999999999,228.91400000000004,9.5185,3.7756870308942547,0.12644177982063723,18.899087530187387,0.13860716925332914,0,1,0.30404387541234024,0.6959561245876598,client04,rnp_sp
2024-05-30 00:25:15,2024-05-30 02:12:06,0.07420138888888889,622.26935,9.615549999999999,228.91400000000004,14.18395,3.7756870308942547,0.12644177982063723,18.899087530187387,15.643455519044243,1,0,0.4016281733680528,0.5983718266319472,client04,rnp_sp
2024-05-30 02:12:06,2024-06-26 03:37:23,27.059224537037036,622.26935,9.71435,228.91400000000004,9.672900000000002,3.7756870308942547,0.2994514766069877,18.899087530187387,0.28094874977475864,1,0,0.3069101251437778,0.6930898748562222,client04,rnp_sp
2024-06-26 03:37:23,2024-07-23 13:22:13,27.40613425925926,910.6067500000001,9.71435,507.62390000000005,24.105199999999996,7.283362235981832,0.2994514766069877,2.8090502965274644,4.352766774072979,0,1,0.013166575463204877,0.9868334245367951,client04,rnp_sp
2024-05-01 00:09:19,2024-05-24 09:59:33,23.409884259259258,176.4132,122.22109999999995,171.82552,125.01960000000001,9.1602453747875,0.5468283575598284,27.308791984645378,1.3661290453032082,0,1,0.5756081774556722,0.42439182254432783,client05,gru03
2024-05-24 09:59:33,2024-06-02 14:22:08,9.182349537037037,517.47857,15.47185,795.90506,13.645349999999999,205.94330346034843,0.7299695217141458,178.4338255886431,1.7181464699219513,0,1,0.007561111521886321,0.9924388884781137,client05,gru03
2024-06-02 14:22:08,2024-07-03 12:34:29,30.925243055555555,517.47857,15.47185,795.90506,13.645349999999999,205.94330346034843,0.7299695217141458,178.4338255886431,1.7181464699219513,0,1,0.007561111521886321,0.9924388884781137,client05,gru03
2024-07-03 12:34:29,2024-07-08 13:04:12,5.020636574074074,517.47857,15.47185,795.90506,13.645349999999999,205.94330346034843,0.7299695217141458,178.4338255886431,1.7181464699219513,0,1,0.007561111521886321,0.9924388884781137,client05,gru03
2024-05-03 10:31:24,2024-06-02 00:08:26,29.56738425925926,611.7727169811321,14.862169811320756,823.3938301886792,12.435150943396229,115.54057375507735,0.48610140959813863,76.3705052743309,0.8030039410737995,0,1,0.004027932506427745,0.9959720674935723,client05,gru05
2024-06-02 00:08:26,2024-07-03 11:16:12,31.463726851851852,611.7727169811321,14.862169811320756,823.3938301886792,12.435150943396229,115.54057375507735,0.48610140959813863,76.3705052743309,0.8030039410737995,0,1,0.004027932506427745,0.9959720674935723,client05,gru05
2024-07-03 11:16:12,2024-07-08 17:16:35,5.250266203703704,611.7727169811321,14.862169811320756,823.3938301886792,12.435150943396229,115.54057375507735,0.48610140959813863,76.3705052743309,0.8030039410737995,0,1,0.004027932506427745,0.9959720674935723,client05,gru05
2024-05-02 22:27:15,2024-06-02 16:42:31,30.760601851851852,616.8307745098039,14.775558823529412,833.2939901960785,12.423872549019606,109.85728491208756,0.5401103402767343,57.641820946854295,0.7656923828663682,0,1,0.003538552816090168,0.9964614471839098,client05,gru06
2024-06-02 16:42:31,2024-07-03 08:17:39,30.649398148148148,616.8307745098039,14.775558823529412,833.2939901960785,12.423872549019606,109.85728491208756,0.5401103402767343,57.641820946854295,0.7656923828663682,0,1,0.003538552816090168,0.9964614471839098,client05,gru06
2024-07-03 08:17:39,2024-07-07 13:22:04,4.211400462962963,616.8307745098039,14.775558823529412,833.2939901960785,12.423872549019606,109.85728491208756,0.5401103402767343,57.641820946854295,0.7656923828663682,0,1,0.003538552816090168,0.9964614471839098,client05,gru06
2024-05-01 02:27:26,2024-06-02 17:09:04,32.61224537037037,579.9866999999999,21.099654829545454,823.1189499999998,19.44505255681818,161.28052590834918,4.068610703903698,74.78690196430402,3.54615413323172,0,1,0.06472257571597484,0.9352774242840252,client05,rnp_rj
2024-06-02 17:09:04,2024-07-03 10:50:04,30.736805555555556,602.9744000000001,21.099654829545454,839.7504999999999,19.44505255681818,152.43885566468245,4.068610703903698,56.52208981637646,3.54615413323172,0,1,0.05690467489727424,0.9430953251027258,client05,rnp_rj
2024-07-03 10:50:04,2024-07-08 16:13:03,5.224293981481481,602.9744000000001,21.099654829545454,839.7504999999999,19.44505255681818,152.43885566468245,4.068610703903698,56.52208981637646,3.54615413323172,0,1,0.05690467489727424,0.9430953251027258,client05,rnp_rj
2024-05-01 01:06:22,2024-06-02 17:34:29,32.68619212962963,620.180151951952,15.710726726726728,804.8724264264265,12.850918918918921,141.2467954156744,1.357932373766562,106.76444001440132,1.407457952474734,0,1,0.006231261833213986,0.993768738166786,client05,rnp_sp
2024-06-02 17:34:29,2024-07-03 10:23:17,30.700555555555557,620.180151951952,15.710726726726728,804.8724264264265,12.850918918918921,141.2467954156744,1.357932373766562,106.76444001440132,1.407457952474734,0,1,0.006231261833213986,0.993768738166786,client05,rnp_sp
2024-07-03 10:23:17,2024-07-08 16:52:33,5.270324074074074,620.180151951952,15.710726726726728,804.8724264264265,12.850918918918921,141.2467954156744,1.357932373766562,106.76444001440132,1.407457952474734,0,1,0.006231261833213986,0.993768738166786,client05,rnp_sp
2024-05-02 10:09:33,2024-05-23 23:17:10,21.546956018518518,164.75838499999998,120.1795,182.3254,120.96624999999999,17.323229991037895,6.722592948213394,6.878563018538103,3.4866580873984545,0,0,0.8539299744504474,0.14607002554955256,client06,gru03
2024-05-23 23:17:10,2024-05-24 21:36:07,0.9298263888888889,130.867395,120.2941,155.32274999999998,147.06734999999998,62.18856130571954,3.349636930836096,48.605846568369685,44.59967561396666,1,0,0.9289420220891378,0.07105797791086216,client06,gru03
2024-05-24 21:36:07,2024-06-02 17:51:21,8.843912037037038,168.88044999999997,119.16370000000002,182.8887,121.51705,9.88390388712881,3.104810666318353,5.970024650394318,3.6144918034722964,1,0,0.8203616518201672,0.1796383481798328,client06,gru03
2024-06-02 17:51:21,2024-07-17 16:03:18,44.92496527777778,168.88044999999997,13.424699999999998,866.5628999999999,15.673649999999999,9.88390388712881,1.4989616441144566,19.65980531279092,2.436844017533636,0,1,0.5431390506427344,0.4568609493572656,client06,gru03
2024-07-17 16:03:18,2024-07-19 20:35:32,2.189050925925926,168.88044999999997,13.424699999999998,866.5628999999999,15.673649999999999,9.88390388712881,1.4989616441144566,19.65980531279092,2.436844017533636,0,0,0.5431390506427344,0.4568609493572656,client06,gru03
2024-05-02 13:50:19,2024-06-02 13:51:28,31.00079861111111,850.856921875,14.6509609375,856.6102812500001,12.6826171875,32.441273460560886,1.1391123713429543,51.899540716459256,0.8006740064749247,0,1,0.0013922005688887795,0.9986077994311112,client06,gru05
2024-05-02 15:05:08,2024-06-02 13:11:14,30.920902777777776,864.3102999999999,14.441622377622378,854.9903041958042,12.747723776223777,13.393775840803233,1.2451183516166535,56.678853780785225,1.0124684048409258,0,1,0.0010790752936139514,0.998920924706386,client06,gru06
2024-06-02 13:11:14,2024-07-17 15:51:30,45.111296296296295,243.94571000000002,14.441622377622378,854.9903041958042,12.747723776223777,222.19935272480905,1.2451183516166535,56.678853780785225,1.0124684048409258,0,1,0.13722158426726205,0.862778415732738,client06,gru06
2024-07-17 15:51:30,2024-07-19 19:46:04,2.1628935185185183,243.94571000000002,14.441622377622378,854.9903041958042,12.747723776223777,222.19935272480905,1.2451183516166535,56.678853780785225,1.0124684048409258,0,1,0.13722158426726205,0.862778415732738,client06,gru06
2024-05-02 16:55:11,2024-06-02 18:02:30,31.046747685185185,786.6199098360656,19.0852131147541,847.63835,18.966774590163933,184.3360993128269,2.7380308060969547,39.77648412696416,3.0177447733170792,0,1,0.023045778071842715,0.9769542219281573,client06,rnp_rj
2024-06-02 18:02:30,2024-07-17 16:52:15,44.95121527777778,786.6199098360656,19.0852131147541,776.87495,18.966774590163933,184.3360993128269,2.7380308060969547,179.6818899627236,3.0177447733170792,0,1,0.01348440187860478,0.9865155981213952,client06,rnp_rj
2024-07-17 16:52:15,2024-07-19 13:52:24,1.8751041666666666,786.6199098360656,19.0852131147541,776.87495,18.966774590163933,184.3360993128269,2.7380308060969547,179.6818899627236,3.0177447733170792,0,1,0.01348440187860478,0.9865155981213952,client06,rnp_rj
2024-05-02 12:14:06,2024-06-02 16:48:18,31.190416666666668,889.0246000000001,13.411663829787233,823.0576085106383,12.726468085106385,63.000560387983846,0.9151464747609102,109.91338443621026,1.2689235873598865,0,1,0.0013777301183154345,0.9986222698816846,client06,rnp_sp
2024-06-02 16:48:18,2024-07-17 16:28:23,44.986168981481484,697.200365,13.411663829787233,823.0576085106383,12.726468085106385,336.28773499603494,0.9151464747609102,109.91338443621026,1.2689235873598865,0,1,0.003892176105234735,0.9961078238947653,client06,rnp_sp
2024-07-17 16:28:23,2024-07-19 16:17:52,1.9926967592592593,697.200365,13.411663829787233,823.0576085106383,12.726468085106385,336.28773499603494,0.9151464747609102,109.91338443621026,1.2689235873598865,0,1,0.003892176105234735,0.9961078238947653,client06,rnp_sp
2024-05-02 10:19:00,2024-05-24 20:41:04,22.43199074074074,166.103145,122.28495000000001,173.99998,124.76999999999998,33.58828757530745,17.032720493756155,26.05378448977382,17.123111193570182,0,0,0.9452155134754604,0.05478448652453957,client07,gru03
2024-05-24 20:41:04,2024-06-28 14:11:18,34.7293287037037,166.103145,118.74705000000002,182.15900000000005,121.81420000000003,33.58828757530745,3.0631875979975995,5.153188547930914,3.3162755043953496,1,0,0.8399370703163582,0.16006292968364172,client07,gru03
2024-06-28 14:11:18,2024-07-01 13:26:08,2.968634259259259,94.71927500000001,207.10240000000005,104.085475,211.81479999999996,26.55944998669321,37.89316703909336,36.79846348853047,41.59287261513621,1,0,0.9911643544410248,0.008835645558975234,client07,gru03
2024-07-01 13:26:08,2024-07-09 21:04:16,8.318148148148149,163.21205,120.28614999999999,181.44930000000002,121.51649999999998,7.069248664573833,3.388656204316487,8.604210444831491,6.32130158565798,1,0,0.8640769773142163,0.1359230226857837,client07,gru03
2024-07-09 21:04:16,2024-07-23 14:50:21,13.740335648148148,537.5452035000001,20.777499999999996,619.0632373999999,19.84315,339.6363219008393,22.89159712875585,231.2448061114364,23.287361476888343,0,1,0.11093488521102046,0.8890651147889795,client07,gru03
2024-05-02 17:57:03,2024-06-02 03:24:24,30.393993055555555,846.2423647798742,14.632742138364778,790.4039056603773,12.63259748427673,21.019604371381128,0.9143753018209801,121.49615004729091,0.8784047690111201,0,1,0.001500271057660263,0.9984997289423397,client07,gru05
2024-06-02 03:24:24,2024-06-05 06:47:24,3.140972222222222,846.2423647798742,14.632742138364778,790.4039056603773,12.63259748427673,21.019604371381128,0.9143753018209801,121.49615004729091,0.8784047690111201,0,1,0.001500271057660263,0.9984997289423397,client07,gru05
2024-06-05 06:47:24,2024-06-27 13:25:09,22.276215277777776,846.2423647798742,14.632742138364778,790.4039056603773,12.63259748427673,21.019604371381128,0.9143753018209801,121.49615004729091,0.8784047690111201,0,1,0.001500271057660263,0.9984997289423397,client07,gru05
2024-06-27 13:25:09,2024-06-30 15:43:23,3.09599537037037,846.2423647798742,14.632742138364778,790.4039056603773,12.63259748427673,21.019604371381128,0.9143753018209801,121.49615004729091,0.8784047690111201,0,1,0.001500271057660263,0.9984997289423397,client07,gru05
2024-06-30 15:43:23,2024-07-15 02:18:06,14.440775462962963,846.2423647798742,14.632742138364778,790.4039056603773,12.63259748427673,21.019604371381128,0.9143753018209801,121.49615004729091,0.8784047690111201,0,1,0.001500271057660263,0.9984997289423397,client07,gru05
2024-05-02 15:01:27,2024-07-23 12:41:04,81.90251157407407,799.9704390047394,15.22877251184834,664.5848,12.77432701421801,169.68958185695894,7.261512549075685,142.40363333020022,1.6325324184574026,0,1,0.002799493989353863,0.9972005060106461,client07,gru06
2024-05-02 10:54:27,2024-06-22 11:35:16,51.02834490740741,762.5355999999999,19.105360610263524,685.6968999999999,19.941899999999997,132.0666794393929,3.160009793913382,180.36566045876447,3.1585089236936836,0,1,0.031129374115158925,0.9688706258848411,client07,rnp_rj
2024-06-22 11:35:16,2024-07-23 13:59:22,31.100069444444443,822.3776,19.105360610263524,723.3814,18.44075,126.767953988629,3.160009793913382,199.13547752364073,1.1548894626987605,0,1,0.014223754483994266,0.9857762455160057,client07,rnp_rj
2024-05-02 10:43:04,2024-07-16 12:03:06,75.0555787037037,863.1974,14.5445,549.8371999999999,12.8185,17.290948375561012,0.8028720485331329,142.29639295557854,0.9635396640567147,0,1,0.0049263829374280865,0.9950736170625719,client07,rnp_sp
2024-07-16 12:03:06,2024-07-23 14:25:10,7.098657407407408,522.3625519999999,14.58545,829.4983,16.468700000000002,420.5798078857379,6.135614433050096,80.23169670995307,8.717967653675156,0,1,0.0337069058096805,0.9662930941903195,client07,rnp_sp
2024-05-02 17:59:28,2024-07-15 08:49:05,73.61778935185185,768.1740678698226,23.517881656804732,826.4282366863904,13.233674556213018,106.76850196602338,10.385913864241092,71.32099242252677,1.0328177508888685,0,1,0.006479103202872816,0.9935208967971272,client08,gru05
2024-05-02 15:03:17,2024-06-09 09:16:32,37.75920138888889,754.8730985698325,23.168550000000003,831.5224499999998,13.337000000000002,147.48815352769935,1.052199674616542,64.10104745549877,1.025873812245778,0,1,0.0031629157990292756,0.9968370842009707,client08,gru06
2024-06-09 09:16:32,2024-06-13 00:22:14,3.6289583333333333,754.8730985698325,23.168550000000003,831.5224499999998,13.337000000000002,147.48815352769935,1.052199674616542,64.10104745549877,1.025873812245778,0,1,0.0031629157990292756,0.9968370842009707,client08,gru06
2024-06-13 00:22:14,2024-07-12 03:37:14,29.135416666666668,754.8730985698325,23.168550000000003,831.5224499999998,13.337000000000002,147.48815352769935,1.052199674616542,64.10104745549877,1.025873812245778,0,1,0.0031629157990292756,0.9968370842009707,client08,gru06
2024-07-12 03:37:14,2024-07-15 10:31:37,3.2877662037037036,754.8730985698325,30.666949999999996,846.97945,13.337000000000002,147.48815352769935,29.813190313711456,27.257515144258356,1.025873812245778,0,1,0.022304685676604707,0.9776953143233953,client08,gru06
2024-07-15 10:31:37,2024-07-19 07:41:12,3.8816550925925926,754.8730985698325,30.666949999999996,846.97945,13.337000000000002,147.48815352769935,29.813190313711456,27.257515144258356,1.025873812245778,0,1,0.022304685676604707,0.9776953143233953,client08,gru06
2024-07-19 07:41:12,2024-07-23 07:12:21,3.9799652777777776,754.8730985698325,30.666949999999996,846.97945,13.337000000000002,147.48815352769935,29.813190313711456,27.257515144258356,1.025873812245778,0,1,0.022304685676604707,0.9776953143233953,client08,gru06
2024-05-02 15:33:23,2024-07-23 14:00:29,81.93548611111112,761.2954000000001,24.14740240452617,783.0924499999999,19.503264497878362,69.44747671623954,3.901084441751879,113.1482724799981,4.743535877904434,0,1,0.05182187644987035,0.9481781235501296,client08,rnp_rj
2024-05-02 19:34:16,2024-07-23 15:07:27,81.81471064814815,789.4080999999999,20.526000000000003,776.26045,13.057385630498532,93.68087980670279,2.906345399113355,149.10467337886635,1.391580903868166,0,1,0.004961134334242279,0.9950388656657577,client08,rnp_sp
2024-05-03 16:34:05,2024-05-23 11:40:33,19.796157407407406,169.93645,119.80805000000001,184.5356,120.6231,13.03848458047419,11.21620283093779,5.132468446848432,3.271159281066158,0,0,0.9445063308386743,0.05549366916132575,client09,gru03
2024-05-23 11:40:33,2024-05-24 21:22:05,1.4038425925925926,169.93645,120.53214999999997,184.5356,141.60995000000005,13.03848458047419,3.9279355803887883,5.132468446848432,43.31599537970022,1,0,0.9668352133917251,0.033164786608274925,client09,gru03
2024-05-24 21:22:05,2024-06-05 22:44:30,12.057233796296297,172.98535,116.55600000000001,184.5356,121.62894999999999,7.818198010680627,2.6757094681401314,5.132468446848432,3.4423224790829803,1,0,0.906576182494913,0.09342381750508695,client09,gru03
2024-06-05 22:44:30,2024-06-28 15:18:10,22.690046296296295,173.0455,117.7076,182.14875,121.12825000000001,7.345334555814466,27.729929694902047,5.529861870122217,3.215032403454616,1,0,0.9793555836644521,0.02064441633554795,client09,gru03
2024-06-28 15:18:10,2024-07-01 09:53:15,2.7743634259259258,93.92688000000001,212.07614999999996,100.35769,216.43469999999996,29.552260235592986,32.07818037278529,26.30313338142335,31.43991463444283,1,0,0.990916167270663,0.009083832729336954,client09,gru03
2024-07-01 09:53:15,2024-07-09 21:59:26,8.504293981481482,172.32394999999997,119.8117,182.17455,121.77955,11.813151406600321,3.0800339215493624,6.553750942660322,3.8836241819777184,1,0,0.9095360849760091,0.09046391502399087,client09,gru03
2024-07-09 21:59:26,2024-07-19 04:37:13,9.276238425925927,172.32394999999997,15.90755,866.8829499999999,14.917449999999997,11.813151406600321,2.151326456789906,31.55259821393478,1.4764291729140204,1,0,0.7133932002098013,0.2866067997901986,client09,gru03
2024-07-19 04:37:13,2024-07-23 10:43:14,4.254178240740741,147.0577096,13.329950000000002,866.3600499999999,14.75025,90.91110289270394,1.7198871589362144,10.058341379827876,0.7352809613374081,0,0,0.7348801409221405,0.2651198590778595,client09,gru03
2024-05-03 15:37:25,2024-06-02 10:54:18,29.803391203703704,831.2484875,15.50753125,872.2996499999999,12.294787500000002,29.52260917824958,0.8734472002335986,18.837978795018827,1.0896058798610042,0,1,0.004306044019980693,0.9956939559800193,client09,gru05
2024-06-02 10:54:18,2024-06-05 12:01:29,3.0466550925925926,831.2484875,15.50753125,859.692,12.294787500000002,29.52260917824958,0.8734472002335986,43.451130136111104,1.0896058798610042,0,1,0.0039155939758059866,0.996084406024194,client09,gru05
2024-06-05 12:01:29,2024-06-29 20:20:31,24.346550925925925,831.2484875,15.50753125,859.692,12.294787500000002,29.52260917824958,0.8734472002335986,43.451130136111104,1.0896058798610042,0,1,0.0039155939758059866,0.996084406024194,client09,gru05
2024-06-29 20:20:31,2024-07-02 22:35:04,3.0934375,831.2484875,15.50753125,859.692,12.294787500000002,29.52260917824958,0.8734472002335986,43.451130136111104,1.0896058798610042,0,1,0.0039155939758059866,0.996084406024194,client09,gru05
2024-07-02 22:35:04,2024-07-15 00:30:06,12.07988425925926,831.2484875,15.50753125,859.692,12.294787500000002,29.52260917824958,0.8734472002335986,43.451130136111104,1.0896058798610042,0,1,0.0039155939758059866,0.996084406024194,client09,gru05
2024-05-03 14:50:05,2024-07-23 15:01:27,81.00789351851851,842.08925,15.2951,860.0512738095238,12.42124404761905,25.22236545080993,0.5771997647444536,54.61839769143424,1.0009458969330518,0,1,0.002772747093003902,0.9972272529069961,client09,gru06
2024-05-03 15:12:31,2024-07-23 13:17:16,80.91996527777778,867.5812,18.980150000000002,863.4021,19.817879396984925,43.688615053882344,0.7166053215279001,40.124398075695076,5.660142075974293,0,1,0.03177907996149898,0.968220920038501,client09,rnp_rj
2024-05-03 17:23:10,2024-07-23 14:35:27,80.8835300925926,905.1812,13.584399999999999,871.45265,12.619711538461537,35.433747200864005,0.8929494239228839,38.63147707065478,5.059507771805768,0,1,0.004120860326913056,0.9958791396730869,client09,rnp_sp
2024-05-04 11:28:08,2024-06-02 15:50:13,29.182002314814813,162.7133917734375,122.48714843750001,178.1292,124.2710625,26.15737219900374,15.722102061421726,4.866541424007296,16.1089635314956,0,0,0.9414642218500754,0.05853577814992463,client10,gru03
2024-05-04 16:17:17,2024-06-02 16:43:32,29.018229166666668,804.35205,19.842151340996168,692.9955000000001,19.34277777777778,78.38194478824089,1.2653052274856895,196.7078919021272,3.2582741796824086,0,1,0.01760591870782524,0.9823940812921748,client10,rnp_rj
2024-05-04 11:12:08,2024-06-02 17:53:22,29.27863425925926,856.21345,13.708200743494425,715.0005055762082,12.553855018587361,46.25501840480606,0.8817816495380996,167.85914035413742,1.2745419360744497,0,1,0.002151393134578905,0.9978486068654211,client10,rnp_sp
2024-05-06 15:10:23,2024-06-02 18:03:19,27.12009259259259,160.69255227884616,122.70614423076924,160.87539,125.86183653846155,27.84040067479698,16.137714255332526,39.35180679634338,18.399048175101886,0,0,0.9340922602176072,0.0659077397823929,client11,gru03
2024-05-06 11:17:27,2024-05-19 10:51:04,12.981678240740742,679.30525,20.61610800744879,739.5422500000001,20.2239,98.08494049969622,1.6289760356984355,64.32183690578348,2.466793143035369,0,1,0.07800391618581037,0.9219960838141896,client11,rnp_rj
2024-05-19 10:51:04,2024-06-02 17:36:24,14.281481481481482,780.9243,20.61610800744879,866.1993,21.8626,79.96838114898584,1.6289760356984355,32.26963599863207,6.292023357938375,0,1,0.029615293325836345,0.9703847066741637,client11,rnp_rj
2024-05-06 10:51:29,2024-06-02 16:34:09,27.237962962962964,809.8223260869565,15.175386956521736,846.7404782608695,12.73046956521739,75.83131409424483,1.297642700772607,72.21079311854683,1.4090724089466913,0,1,0.0030966234579274943,0.9969033765420725,client11,rnp_sp
2024-05-06 15:14:17,2024-05-23 21:45:30,17.27167824074074,163.68072999999998,120.22054999999997,173.62175000000002,122.55099999999997,23.27497607359503,5.357247540285473,18.19994975665419,5.414633554204363,0,0,0.8535600745940133,0.14643992540598674,client12,gru03
2024-05-23 21:45:30,2024-06-28 10:06:21,35.51447916666667,163.68072999999998,119.27410000000002,173.62175000000002,121.87195,23.27497607359503,3.314103052426894,18.19994975665419,3.4838330595541027,1,0,0.8293777734629619,0.17062222653703804,client12,gru03
2024-06-28 10:06:21,2024-07-01 12:51:04,3.114386574074074,81.160495,223.32775,82.6611845,229.4382,8.3380769361485,3.390698497748149,21.913786038484755,5.593718842077292,1,0,0.8058385309619702,0.19416146903802975,client12,gru03
2024-07-01 12:51:04,2024-07-04 23:31:04,3.4444444444444446,244.51896895,104.16615000000002,82.6611845,105.69805000000001,225.44800347259962,37.82369938943878,21.913786038484755,39.52828244164983,1,0,0.9849694317673972,0.0150305682326028,client12,gru03
2024-07-04 23:31:04,2024-07-09 14:33:28,4.626666666666667,244.51896895,104.16615000000002,82.6611845,74.7296,225.44800347259962,37.82369938943878,21.913786038484755,55.988136735336504,1,0,0.9938585957259507,0.0061414042740493115,client12,gru03
2024-07-09 14:33:28,2024-07-23 13:12:05,13.943483796296297,669.8737282499999,19.2717,747.5252499999999,14.290000000000001,211.6131796418896,7.761502873324958,90.65164453054399,1.7328682945670713,0,1,0.01390712590104426,0.9860928740989557,client12,gru03
2024-05-06 16:19:18,2024-06-07 08:00:18,31.653472222222224,744.9033,16.021549999999998,741.32885,12.016386666666666,45.042561330017875,1.7079084924026384,105.86092909208512,1.093111633876582,0,1,0.0036597682294370326,0.996340231770563,client12,gru06
2024-06-07 08:00:18,2024-06-10 11:40:04,3.1526157407407407,744.9033,16.021549999999998,700.9945,12.016386666666666,45.042561330017875,1.7079084924026384,70.222976247844,1.093111633876582,0,1,0.005154895663233683,0.9948451043367663,client12,gru06
2024-06-10 11:40:04,2024-07-23 02:13:28,42.60652777777778,744.9033,16.021549999999998,700.9945,12.016386666666666,45.042561330017875,1.7079084924026384,70.222976247844,1.093111633876582,0,1,0.005154895663233683,0.9948451043367663,client12,gru06
2024-05-06 14:17:33,2024-06-02 05:05:24,26.6165625,681.7112999999999,20.650700000000004,702.0044759036144,17.7846,60.47928257902606,1.991194486786895,116.98107312250629,1.4830252650720772,0,1,0.07977986320292141,0.9202201367970786,client12,rnp_rj
2024-06-02 05:05:24,2024-07-23 14:49:24,51.40555555555556,729.26475,20.650700000000004,702.0044759036144,21.483799999999995,30.990868359422468,1.991194486786895,116.98107312250629,7.723587607895835,0,1,0.06627190693654594,0.9337280930634541,client12,rnp_rj
2024-05-06 14:30:16,2024-07-07 09:51:32,61.80643518518519,749.8466999999998,14.87995,708.5837765089723,11.6793,67.04626417011181,1.0700740001464724,100.20517445577869,1.2702372385130514,0,1,0.008152022770609557,0.9918479772293904,client12,rnp_sp
2024-07-07 09:51:32,2024-07-17 06:42:10,9.86849537037037,749.8466999999998,14.87995,708.5837765089723,14.3338,67.04626417011181,1.0700740001464724,100.20517445577869,3.7484247161483157,1,1,0.008522553228376695,0.9914774467716233,client12,rnp_sp
2024-07-17 06:42:10,2024-07-23 07:20:05,6.026331018518518,749.8466999999998,14.87995,708.5837765089723,13.83965,67.04626417011181,1.0700740001464724,100.20517445577869,1.2856133606795996,0,1,0.007940776523578053,0.992059223476422,client12,rnp_sp
2024-05-10 09:27:18,2024-05-15 20:22:08,5.454745370370371,145.41762999999997,126.90794999999999,148.19796499999998,131.7032,36.37759344954123,20.884210085423515,59.13199571256509,21.22410091481157,0,0,0.9387595514076225,0.061240448592377525,client13,gru03
2024-05-15 20:22:08,2024-06-28 13:36:26,43.71826388888889,145.41762999999997,120.16279999999998,148.19796499999998,122.12385000000002,36.37759344954123,3.5506309535660083,59.13199571256509,8.263334456787819,1,1,0.7933220485275233,0.20667795147247667,client13,gru03
2024-06-28 13:36:26,2024-07-01 13:05:29,2.9785069444444443,100.19526,197.18294999999998,112.45243500000001,201.9044,30.738281924994133,45.94120466934942,37.92252623984679,45.03950158343463,1,0,0.9924288555899529,0.007571144410047131,client13,gru03
2024-07-01 13:05:29,2024-07-05 00:32:24,3.477025462962963,162.5025,119.30980000000002,181.324,122.00465000000001,15.08831824362983,3.1379040037646315,7.832846299902403,5.593980686745726,1,0,0.78767593139738,0.21232406860261993,client13,gru03
2024-07-05 00:32:24,2024-07-05 06:26:12,0.24569444444444444,341.07280000000003,89.7611,375.59819999999996,88.9911,273.62325204050376,48.263033925289896,309.09807776967045,50.33497636508518,1,0,0.7967529181908375,0.20324708180916254,client13,gru03
2024-07-05 06:26:12,2024-07-09 14:29:28,4.335601851851852,217.43645,104.76910000000001,375.59819999999996,105.10619999999999,138.25322479972638,39.4421603255624,309.09807776967045,38.72442608402147,1,0,0.8417481347768077,0.15825186522319235,client13,gru03
2024-07-09 14:29:28,2024-07-23 14:12:25,13.988159722222223,585.2252827,16.492700000000003,835.7410500000002,15.293199999999999,184.6895151338223,1.713445777250902,111.41933782525552,1.422796823162042,0,1,0.0093266755100615,0.9906733244899385,client13,gru03
2024-05-10 08:43:52,2024-06-02 05:11:28,22.8525,609.4530878014186,16.48096453900709,819.9792269503546,13.182170212765957,124.21528074530173,8.696246069763458,76.2736680774629,1.1283976246838245,0,1,0.011081680526646709,0.9889183194733533,client13,gru05
2024-06-02 05:11:28,2024-06-05 18:45:03,3.564988425925926,609.4530878014186,16.48096453900709,819.9792269503546,13.182170212765957,124.21528074530173,8.696246069763458,76.2736680774629,1.1283976246838245,0,1,0.011081680526646709,0.9889183194733533,client13,gru05
2024-06-05 18:45:03,2024-07-15 10:39:05,39.662523148148146,609.4530878014186,16.48096453900709,819.9792269503546,13.182170212765957,124.21528074530173,8.696246069763458,76.2736680774629,1.1283976246838245,0,1,0.011081680526646709,0.9889183194733533,client13,gru05
2024-05-10 10:22:05,2024-07-23 00:09:18,73.57445601851852,591.0733540579711,16.169108695652174,812.2597942028985,12.88418115942029,175.57995056556433,8.800703366619233,97.57287700459655,1.0998147105756706,0,1,0.00892862049555676,0.9910713795044432,client13,gru06
2024-05-10 11:01:06,2024-07-23 15:08:25,74.17174768518518,585.7869499999999,19.873300000000004,800.0106499999999,19.620251155624036,83.65584313909673,0.6942190690189042,61.30394953901078,5.09102741834527,0,1,0.11333120590871049,0.8866687940912895,client13,rnp_rj
2024-05-10 08:57:06,2024-07-23 14:37:32,74.23641203703704,596.0544500000001,15.32765,796.063523076923,13.03225811965812,84.414672692841,0.7156557004446671,96.23988788264603,1.6965249070717916,0,1,0.015109352905907092,0.9848906470940929,client13,rnp_sp
2024-05-10 09:30:08,2024-06-28 18:43:19,49.38415509259259,147.54204,132.31980000000004,156.57755000000003,129.98025,40.48388376084333,37.17663781774219,52.69680909987765,19.130293267829373,0,0,0.9826922002222502,0.017307799777749818,client14,gru03
2024-06-28 18:43:19,2024-07-01 03:38:19,2.3715277777777777,118.75686499999999,175.7799,131.91709500000002,179.87865,42.24952583435295,53.26183182700743,46.67125399692795,54.42778272292755,1,0,0.9973560517585535,0.0026439482414465235,client14,gru03
2024-07-01 03:38:19,2024-07-09 13:47:04,8.422743055555555,160.55925,119.0305,180.964,122.08885000000001,12.880977320206885,3.154863822234188,5.600349481576081,3.5917715798166987,1,0,0.8360917511620819,0.1639082488379181,client14,gru03
2024-07-09 13:47:04,2024-07-19 18:22:18,10.19113425925926,629.14805,16.1914,827.9024499999999,14.707699999999997,126.26218688380769,2.2544349134422506,66.77956466927904,1.9481068029729462,0,1,0.014343692985361645,0.9856563070146384,client14,gru03
2024-05-10 10:02:14,2024-07-15 08:41:03,65.94362268518519,629.06001557971,15.414100000000001,826.6695144927536,13.091253623188404,133.05056445405728,0.6126649208687879,77.86312610120154,1.1023522630484732,0,1,0.007511020530886592,0.9924889794691134,client14,gru05
2024-05-10 11:13:10,2024-06-01 08:28:07,21.885381944444443,594.8844082171644,15.6287,828.4295895522388,13.203164179104478,169.70904666457258,0.9425012690205057,66.44826594140542,1.3949137424164992,0,1,0.008536240496518577,0.9914637595034814,client14,gru06
2024-06-01 08:28:07,2024-06-04 12:51:06,3.1826273148148148,594.8844082171644,15.6287,828.4295895522388,13.203164179104478,169.70904666457258,0.9425012690205057,66.44826594140542,1.3949137424164992,0,1,0.008536240496518577,0.9914637595034814,client14,gru06
2024-06-04 12:51:06,2024-07-02 06:33:13,27.73758101851852,594.8844082171644,15.6287,828.4295895522388,13.203164179104478,169.70904666457258,0.9425012690205057,66.44826594140542,1.3949137424164992,0,1,0.008536240496518577,0.9914637595034814,client14,gru06
2024-07-02 06:33:13,2024-07-06 18:29:32,4.497442129629629,594.8844082171644,15.433550000000002,828.4295895522388,13.203164179104478,169.70904666457258,0.5516618410241053,66.44826594140542,1.3949137424164992,0,1,0.008329339404809843,0.9916706605951902,client14,gru06
2024-07-06 18:29:32,2024-07-19 14:27:29,12.831909722222223,594.8844082171644,15.433550000000002,828.4295895522388,13.203164179104478,169.70904666457258,0.5516618410241053,66.44826594140542,1.3949137424164992,0,1,0.008329339404809843,0.9916706605951902,client14,gru06
2024-05-10 09:44:13,2024-07-19 20:30:18,70.44866898148148,633.7861,20.15685,843.87505,19.697431275720167,103.96704918583833,1.141013458797877,48.679248745960045,4.613522539136432,0,1,0.09481278090691991,0.9051872190930801,client14,rnp_rj
2024-05-10 19:44:22,2024-07-19 14:52:22,69.79722222222222,662.823,15.514450000000002,794.0599557661928,13.037826224328594,130.47894162822234,0.8850221213411323,98.39367245988743,1.5683166027909279,0,1,0.010634458917260003,0.98936554108274,client14,rnp_sp
2024-05-10 13:33:30,2024-06-03 22:52:23,24.388113425925926,577.5958523809524,21.404140476190474,757.5679157142857,19.361785714285713,113.10370039276623,2.629799282118103,120.43029702889635,4.501777015010204,0,1,0.125089219717182,0.874910780282818,client15,rnp_rj
2024-05-10 13:07:34,2024-06-02 17:36:26,23.186712962962964,618.3681153846154,15.910552884615385,766.6796538461539,12.242048076923076,112.08402316027644,0.8617909994066458,90.9162660949232,0.9713824043368405,0,1,0.015953600672751533,0.9840463993272485,client15,rnp_sp
2024-05-10 15:36:11,2024-06-28 18:26:25,49.11821759259259,155.299165,121.28354999999999,147.76614999999998,129.69574999999998,31.741979291539145,6.248346075689063,57.739907065869644,20.895402049947432,0,0,0.9413505626160878,0.05864943738391219,client16,gru03
2024-06-28 18:26:25,2024-07-01 12:13:05,2.740740740740741,104.967565,191.97330000000002,118.34971499999999,196.11315,34.554830151686005,47.324759440654205,43.89986619306157,50.96647678340301,1,0,0.9978440319470621,0.0021559680529379868,client16,gru03
2024-07-01 12:13:05,2024-07-05 11:54:36,3.987164351851852,161.31982000000002,115.9281,118.34971499999999,115.41785000000002,20.90604128238131,25.00330897027747,43.89986619306157,24.074285084810654,0,0,0.9877422816814929,0.012257718318507135,client16,gru03
2024-07-05 11:54:36,2024-07-09 01:11:25,3.5533449074074075,161.31982000000002,115.9281,118.34971499999999,115.41785000000002,20.90604128238131,25.00330897027747,43.89986619306157,24.074285084810654,0,0,0.9877422816814929,0.012257718318507135,client16,gru03
2024-07-09 01:11:25,2024-07-09 21:31:20,0.8471643518518519,161.31982000000002,115.9281,118.34971499999999,115.41785000000002,20.90604128238131,25.00330897027747,43.89986619306157,24.074285084810654,0,0,0.9877422816814929,0.012257718318507135,client16,gru03
2024-07-09 21:31:20,2024-07-23 11:59:08,13.602638888888889,676.04565,14.26985,821.7496500000001,14.316950000000002,152.1017056121798,1.3701212115030286,25.50599444356686,1.1292292888701145,0,1,0.02083300175962821,0.9791669982403718,client16,gru03
2024-05-10 16:55:27,2024-07-05 21:52:19,56.20615740740741,734.0476322580645,14.02687741935484,804.9379483870969,12.535780645161289,62.389094728479684,1.1805290654985177,31.99939864203489,0.9620037885753606,0,1,0.010049415884987756,0.9899505841150122,client16,gru05
2024-07-05 21:52:19,2024-07-08 22:49:28,3.0396875,734.0476322580645,14.02687741935484,804.9379483870969,12.535780645161289,62.389094728479684,1.1805290654985177,31.99939864203489,0.9620037885753606,0,1,0.010049415884987756,0.9899505841150122,client16,gru05
2024-07-08 22:49:28,2024-07-14 23:03:04,6.009444444444444,734.0476322580645,14.02687741935484,804.9379483870969,12.535780645161289,62.389094728479684,1.1805290654985177,31.99939864203489,0.9620037885753606,0,1,0.010049415884987756,0.9899505841150122,client16,gru05
2024-05-10 15:02:23,2024-06-06 23:53:30,27.36883101851852,680.3328318503401,14.401625850340134,793.5005,11.9312,178.51498219432088,8.625848997889754,71.76688887329149,0.7418216270208017,0,1,0.013628439351614285,0.9863715606483857,client16,gru06
2024-06-06 23:53:30,2024-07-05 17:16:20,28.724189814814814,680.3328318503401,14.401625850340134,793.5005,12.3361,178.51498219432088,8.625848997889754,71.76688887329149,0.8365102887340325,0,1,0.013600595878399235,0.9863994041216008,client16,gru06
2024-07-05 17:16:20,2024-07-08 23:50:03,3.273414351851852,680.3328318503401,14.401625850340134,793.5005,12.3361,178.51498219432088,8.625848997889754,71.76688887329149,0.8365102887340325,0,1,0.013600595878399235,0.9863994041216008,client16,gru06
2024-07-08 23:50:03,2024-07-11 08:09:16,2.346678240740741,680.3328318503401,14.401625850340134,793.5005,12.3361,178.51498219432088,8.625848997889754,71.76688887329149,0.8365102887340325,0,1,0.013600595878399235,0.9863994041216008,client16,gru06
2024-07-11 08:09:16,2024-07-15 00:59:15,3.701377314814815,680.3328318503401,14.401625850340134,793.5005,12.3361,178.51498219432088,8.625848997889754,71.76688887329149,0.8365102887340325,0,1,0.013600595878399235,0.9863994041216008,client16,gru06
2024-07-15 00:59:15,2024-07-23 09:27:22,8.352858796296296,680.3328318503401,14.401625850340134,793.5005,12.3361,178.51498219432088,8.625848997889754,71.76688887329149,0.8365102887340325,0,1,0.013600595878399235,0.9863994041216008,client16,gru06
2024-05-10 20:47:25,2024-05-20 02:15:26,9.227789351851852,726.2484999999999,19.282099999999996,773.5720500000001,18.06125,74.66960468166273,1.2200757914335096,132.8229426082054,1.7415960579156604,0,1,0.0677561539242254,0.9322438460757746,client16,rnp_rj
2024-05-20 02:15:26,2024-06-04 14:30:10,15.510231481481481,726.2484999999999,19.282099999999996,773.5720500000001,21.31095,74.66960468166273,1.2200757914335096,132.8229426082054,10.217950420061849,1,0,0.08350603720843408,0.9164939627915659,client16,rnp_rj
2024-06-04 14:30:10,2024-07-23 14:08:14,48.98476851851852,726.2484999999999,19.282099999999996,794.0364,18.6095,74.66960468166273,1.2200757914335096,36.30337172886578,2.9128486599529113,0,1,0.10759048607906108,0.8924095139209389,client16,rnp_rj
2024-05-10 16:11:11,2024-07-23 14:34:26,73.9328125,755.73145,13.904349999999999,792.3354632107023,12.665091973244147,54.74006964639438,1.3340214736297402,79.76447819157151,1.161320742042702,0,1,0.012576965065423718,0.9874230349345763,client16,rnp_sp
2024-05-22 21:05:30,2024-05-28 08:12:31,5.463206018518519,632.65285,3.00185,571.57435,3.3747,19.792920928227147,0.751607419573473,105.58627977120742,3.1708375466694,0,1,0.34778667338800373,0.6522133266119963,client04,rnp_rj
2024-05-28 08:12:31,2024-06-26 07:47:30,28.982627314814813,632.65285,3.00185,605.0002000000001,2.98775,19.792920928227147,0.751607419573473,8.833958173464845,1.7884630530445027,1,0,0.44138078747954457,0.5586192125204554,client04,rnp_rj
2024-06-26 07:47:30,2024-07-23 14:36:11,27.28380787037037,849.7257999999999,17.371599999999994,470.25421499999993,30.41305,59.14677608832205,0.4243136129153331,95.7948722416716,4.958933782631737,0,1,0.07379361271919194,0.9262063872808081,client04,rnp_rj
2024-05-02 13:30:02,2024-05-24 21:07:24,22.31761574074074,203.21574999999999,114.5568,170.50786,127.26935000000003,143.36874410373267,21.967511469632175,37.258724400113046,27.54689631629172,0,0,0.9540767421443304,0.04592325785566963,client08,gru03
2024-05-24 21:07:24,2024-06-28 17:37:06,34.85395833333333,203.21574999999999,118.37045,181.378,121.56499999999998,143.36874410373267,3.0994572440823784,5.301728000329107,3.2856437164700236,1,0,0.7852601027591957,0.21473989724080436,client08,gru03
2024-06-28 17:37:06,2024-07-01 13:59:07,2.8486226851851852,85.42700500000001,222.9927,90.36783,228.65,4.157367594052631,3.308419834301567,1.3740708363338339,3.4730436825719058,1,0,0.8516831789433583,0.14831682105664168,client08,gru03
2024-07-01 13:59:07,2024-07-09 14:01:18,8.001516203703703,166.06940000000003,119.45540000000001,179.81074999999998,123.37030000000001,8.25978637674569,3.1322820905430673,8.456135000385038,5.75184483082556,1,0,0.8803876954794654,0.11961230452053456,client08,gru03
2024-07-09 14:01:18,2024-07-23 13:35:16,13.981921296296296,744.2578,20.4899,858.077,15.365299999999996,176.80091707448508,4.416879690460223,16.897906435258086,0.8690092422741511,0,1,0.008731732658219471,0.9912682673417805,client08,gru03
2024-05-06 14:45:27,2024-07-08 02:40:23,62.49648148148148,725.4492104838711,15.544599999999999,719.4296354838709,13.958693548387096,75.19797065789732,0.9093887131358885,101.85220719229798,19.46205655380998,0,1,0.008735361758918314,0.9912646382410817,client12,gru05
2024-07-08 02:40:23,2024-07-12 03:35:17,4.038125,725.4492104838711,26.664950000000005,719.4296354838709,13.958693548387096,75.19797065789732,46.39180273039965,101.85220719229798,19.46205655380998,0,1,0.13502381215969173,0.8649761878403083,client12,gru05
2024-07-12 03:35:17,2024-07-14 03:24:08,1.9922569444444445,725.4492104838711,26.664950000000005,719.4296354838709,13.958693548387096,75.19797065789732,46.39180273039965,101.85220719229798,19.46205655380998,0,1,0.13502381215969173,0.8649761878403083,client12,gru05
